004084
002210
009583
008413
000706
006546
002625
005429
004024
005296
004442
009111
005709
001361
008302
008806
003320
008462
007111
007596
006804
001898
001556
003528
005235
006339
003979
006693
008614
002631
008093
006392
003087
006727
002810
008842
003433
007145
000871
007776
005137
004116
000159
001164
005380
003749
003958
005063
009302
003057
007226
001852
006769
008495
005496
003416
006992
000417
003948
004342
001931
002000
009558
008543
003125
003777
000761
005013
004304
008526
008673
001062
007963
000251
001789
000893
000801
004740
002093
004419
000196
001503
009311
005510
009764
003916
000367
003942
005405
004575
001089
005197
005406
006124
006007
000531
001500
003535
002077
005610
007352
001645
005320
006538
001158
006391
007979
007416
000807
008996
004014
005782
008436
009242
001585
001431
007683
004012
006089
003274
004058
008715
007839
003179
003726
001668
005057
003550
006361
001455
005545
002970
009331
008097
004428
004973
000414
006711
004802
009439
007574
000102
005397
002906
009802
005244
001415
007209
000962
007326
008810
008149
008052
000463
002519
006623
008844
006200
009660
009096
008068
007940
004087
006984
005198
001033
002576
008385
006470
000716
009648
006184
006001
005955
001405
003902
005537
001176
008351
004463
003730
006397
009327
003374
005162
005473
004862
006775
006403
006565
007511
008371
005608
002939
003755
006823
003116
006439
007887
004832
006685
007099
004210
002110
007081
001160
005680
003271
005918
001808
001793
005054
006548
007751
005404
008943
001378
009214
000004
007023
002709
000946
003475
001816
007414
008905
009665
004719
008771
007831
007141
004706
004914
006761
003697
004410
006689
007094
009060
006772
007943
004699
007609
004348
000448
007101
006908
002074
002761
007703
002064
008508
002965
001564
001739
005434
007622
008285
004637
008279
006830
008717
005080
004580
007916
005074
003628
000672
001045
005379
006998
007246
000365
009030
006359
001574
000223
001384
009226
000984
004103
005039
005546
000411
003712
004246
004834
000122
006658
001497
001741
002153
004519
004319
006002
000791
008030
001098
004660
005044
006412
006649
002235
007675
006597
007242
002283
001680
000562
003440
001027
006207
008196
002721
001924
001309
002350
005869
003339
005747
006764
000886
001321
009893
005257
001602
005042
007266
006498
004672
008859
000511
003917
005713
001656
002253
004768
004000
009658
009339
004853
008942
004157
009963
000732
005839
009323
005142
001721
000614
000936
009584
002357
002063
002732
001290
009664
004298
005378
000887
003327
001150
000597
000861
007140
004111
007210
007536
000158
008793
000783
003176
005041
002419
004679
008415
002454
006905
007049
007872
006694
004055
006003
002571
001443
002249
005283
000315
005803
005663
001887
007485
000955
008894
000991
003660
000325
003444
002665
009047
006209
000198
005448
007489
002146
005892
001122
009748
007286
001824
002200
009949
002334
001890
001132
009707
008835
001915
003351
009289
000299
003041
002331
000312
002104
003811
005625
005016
005754
008860
008103
005827
002591
006081
006755
001468
005648
007516
004434
007546
000482
007722
001513
002812
004033
007082
002059
000334
000834
006424
005832
000860
000973
007777
000083
007735
009797
008472
006807
001056
008768
006226
004107
009740
002652
009614
001590
005392
003308
008597
000064
005603
003909
000980
001622
009651
000302
006157
003758
005165
001223
000518
009134
008153
006485
005525
009131
009314
006781
007142
002807
004223
001756
005369
002131
003586
000564
005084
006756
002775
004064
009879
005778
004577
006595
001129
000024
007681
001047
002477
005356
008728
005280
009165
002659
009921
001422
009412
000217
008066
006295
009865
006707
006630
002837
006232
003166
001117
008620
001589
008852
004521
001088
004611
009512
001420
001142
006111
008308
003478
007057
001042
000166
009081
005001
001665
005993
004616
007045
008419
007584
000999
007618
006798
007462
009725
004904
006699
004377
002672
003521
003403
003674
009220
004312
002440
007544
000471
004525
008683
001614
003875
006030
002725
003741
008945
006568
000929
000195
007930
003028
004202
004398
007974
007949
001143
000462
008698
008195
004217
004723
009739
001086
002530
008122
006220
006267
007819
003559
009870
002080
009605
002982
006961
004801
003485
000692
008533
007601
005950
008382
000985
000461
000767
006962
003009
005725
004140
001502
002061
007288
000213
003321
005312
003242
000758
009523
004992
002563
007060
006054
000379
000610
003254
004819
006476
003688
003788
000408
005295
001463
009218
004215
009652
009914
008763
002987
009534
007258
007290
009469
000136
008603
004830
002287
000623
006800
000352
006278
005597
005834
000410
003407
000550
009381
000964
003754
004626
009343
007398
009382
005966
007876
009492
002089
002662
001391
001703
009694
006747
002868
005004
009087
008908
000819
007030
006916
003058
005656
002831
001473
004331
005130
005844
007827
005201
001780
002849
004113
000665
003261
008027
000048
001154
008602
008827
008320
006356
007468
000536
009788
009778
008584
002228
002017
002175
001594
000778
008143
002724
005096
000047
003870
007449
006829
006135
004196
001675
000123
003437
009518
002908
009698
004963
000113
007881
004498
009026
008731
006622
006591
009196
002846
004602
000877
008397
006811
003645
003915
006486
009102
004048
000967
008574
000277
008752
008588
001897
003078
005030
000591
009695
005738
009113
007791
008304
002073
009119
003138
006346
003392
004715
007717
007280
003540
004412
001758
005941
002005
003189
005594
003635
008299
008174
000737
000134
002561
004383
007451
002479
003239
008379
000975
007880
002574
005196
005773
000082
004568
009247
001593
001831
009224
003094
004888
003074
007190
006631
005556
000703
006738
006282
006491
008300
003679
001929
006614
002627
006619
009511
009180
004793
008253
006146
004062
000244
003803
005409
002805
007581
009873
007494
005126
009878
008653
003245
006735
001220
009690
008581
000553
006803
009133
002588
008961
005693
005593
008867
007984
006321
009221
005287
004393
008341
000001
001118
007633
001091
005840
009064
002894
009828
008604
001676
007390
007275
004569
000043
003524
001293
001626
000370
003343
007150
007720
009209
001174
006354
006734
004916
004461
003095
001149
001988
007602
000100
005333
002495
007506
003367
000859
002488
001262
002560
009688
002852
009679
005307
000647
004421
001447
006942
003177
003113
007990
009484
007364
007181
004649
002109
006332
002827
001899
002314
009831
009261
002921
005691
008142
003079
002623
003695
004898
001452
003429
009702
008609
001145
003557
005020
004545
002817
007059
008366
008316
001919
007906
003665
001275
007336
003529
003107
007834
000206
005547
003086
007133
005504
000399
002844
001740
003544
009058
005419
004236
009444
008457
004513
005533
000746
000773
003178
008718
003202
008577
000933
003671
004027
007501
008991
001797
009255
001185
000076
001994
003419
006456
002172
002349
007220
006566
001760
009630
006762
001643
009264
000160
008606
006787
005986
003469
007927
009005
008383
004726
009636
006909
007077
001588
004289
001843
001276
005779
003161
007694
001306
002546
004233
008106
004403
001814
005853
003131
001860
003621
003061
000075
003223
003120
004931
004887
005899
000161
007438
008369
004528
006639
000441
004076
001544
005430
008323
005552
008294
009470
009262
007992
002776
001578
005568
009110
007716
007268
002083
004311
002300
002620
008050
009919
004764
009353
006043
006748
009115
009357
007075
008033
004200
001438
008447
006201
007170
005389
001416
001376
007237
004028
000253
004427
006373
004662
006757
008561
000735
001382
009607
009409
007194
009536
009566
005910
009627
001970
006377
000294
008876
004798
008234
009056
003937
008565
004641
008171
003048
000618
002447
006626
003891
009567
002416
001023
006164
002272
008151
005638
008706
005580
005790
007369
005650
001761
002360
003926
002538
008809
004566
008470
005327
000130
008104
002448
003219
002407
006023
005420
006320
008511
000364
002335
008353
005789
005412
009818
009721
005093
002513
005123
006930
006337
000505
008354
006907
006049
002589
009374
003924
008837
008900
002390
008173
004272
002503
003983
000663
006189
009352
006113
003746
002316
005374
008272
004054
005154
009140
001911
008268
009898
001714
002376
001377
001820
008869
004664
008962
008825
001046
001199
000938
004324
008917
009822
005560
000241
004852
007537
005465
009559
007742
007686
004620
001841
000998
007748
001301
005628
006886
009187
002279
002728
009488
001287
001937
004515
003575
007641
003552
004756
007714
001081
009268
004387
006746
009608
008463
005887
000534
004097
000931
009901
002734
009376
006034
002062
009820
000087
005945
006506
009304
004736
003213
004095
000371
005269
003347
005171
006175
004390
000601
005864
002842
000731
001667
003827
008692
003719
004149
008953
005823
005881
002707
003171
007826
003302
008881
003967
008395
007132
007519
009240
003876
001303
000827
006165
005722
002033
009120
002351
005402
006632
003368
005674
007965
005401
006008
000290
008132
006460
004446
005135
009022
003781
000174
009840
003450
007323
001950
008990
003835
009052
003530
004907
008517
007046
005132
002650
002402
006968
003899
009299
006863
008487
007587
007771
007643
004284
008798
008232
003156
004700
008317
000168
005385
004979
002660
007264
005615
006994
004623
004821
006782
007548
004815
001202
000832
007592
001586
001079
000760
004100
006352
008531
009517
003279
002248
007238
006328
005460
001481
006404
009884
001390
005474
008081
007904
003183
007539
000532
006618
002684
008454
003672
008656
007527
007335
003564
003920
008983
009727
005015
005292
003626
006418
006371
001499
003232
001001
004779
000622
003174
001102
004451
002135
004327
009419
008813
000180
002375
002577
007603
002389
004658
002137
000374
005265
005330
000145
009935
000146
008460
004175
002856
009549
007594
005550
007653
000017
005056
000944
005441
009461
003400
004080
004302
008488
004259
007696
008417
004571
002739
007857
000709
000246
009942
004299
003010
004386
009422
001992
002066
000951
003268
002274
008018
005516
003011
004846
006719
003791
002924
000949
007671
009938
006861
000650
008557
001140
005119
009541
003950
005337
009394
001692
002186
003896
003141
002694
009211
004836
002320
004349
006482
004347
009948
009864
002544
008339
007415
008017
008233
005931
003650
005329
002366
005061
007828
004586
004895
001600
000921
006041
008123
009475
003369
005848
000219
006765
007298
007571
002051
003199
004252
002125
006365
007164
001480
008910
004761
003218
009851
004993
006945
000125
001084
002311
007591
002492
008739
009504
009562
004998
000261
008283
005944
001928
008326
006517
005644
002540
007840
001330
006855
005221
002050
004518
009955
000852
005413
004495
007944
008394
006160
004785
007334
006393
009020
004915
005682
007319
005538
009082
008938
001402
003654
002687
008148
009750
002436
005213
007513
002209
004619
007155
003341
005075
006091
003203
008661
004496
006445
002686
002716
002450
005573
008743
000539
005464
002460
005242
001563
003992
001355
001343
002487
006409
002069
002703
005303
008364
007061
002196
006873
006959
001061
009297
003931
007731
004964
004547
008005
006737
006266
000163
003774
001722
000806
006494
004826
001687
005053
006147
000974
001747
008775
000802
006814
009476
007295
004591
004231
006427
000640
008818
007477
009003
004180
006297
002371
008433
009773
001637
005884
002996
004923
008904
000598
006695
001798
009125
008821
003959
001234
003299
005876
001311
002666
003093
009683
006401
006471
006519
003613
006939
002271
003229
005870
008158
004266
009598
001951
001372
004470
004901
008684
009193
003280
009805
001212
003748
002108
004235
007822
004524
002598
000240
005309
002292
000987
006433
008880
003415
005983
008079
006917
008455
007705
005564
008648
004283
008167
000901
009544
004608
004702
002009
003711
004948
007068
001870
009431
001144
006466
001746
004652
004932
005090
000521
000396
005318
002680
007370
001651
007650
009474
004595
000738
001291
007844
000319
004044
007668
006602
006714
006819
003895
002166
003705
000812
008643
007282
007969
008589
009161
009686
009896
001152
008760
000473
007875
009581
007118
007361
001771
001188
000369
003725
003055
005801
006251
007728
003379
002547
002301
003096
001863
002941
008934
005657
001133
003760
004958
001694
009142
008500
009682
009875
008084
006688
003807
001582
004661
000771
000480
009507
009817
001000
004268
004287
003101
004381
006126
005407
000336
002162
006901
001186
000888
008803
003786
004497
008193
007004
007502
002330
006131
004889
001381
001194
004737
009258
005211
001237
000390
009774
009540
009089
003070
001206
002363
003446
005960
000091
005252
002225
002276
003404
008044
000238
005387
005843
009920
003546
001512
004195
004321
000851
007435
008703
009642
000965
002864
009391
008290
008832
002425
001417
003841
006262
003449
008498
001879
004255
003031
008746
008870
007309
000667
005173
004939
005453
003554
004280
000204
003331
002396
002034
007973
007428
002909
003944
000089
009535
003957
005326
001209
009157
002608
003918
002570
003137
000966
000265
000625
004141
007921
004301
001029
001388
009882
008660
008237
004476
008777
002120
001927
006277
009546
000971
001115
008236
008203
009053
006743
001335
004937
007102
007034
003307
005749
000993
009784
004749
000575
000523
005975
007607
002888
003065
008346
006062
000058
001806
007270
003762
006834
000214
008919
001407
007418
007582
001307
006888
007884
004185
001131
003590
004431
008344
003289
004144
001969
005951
007482
000307
004232
004057
009747
006300
008958
009637
008092
002480
009547
009163
000681
004539
004988
004375
006208
002622
003848
007598
001813
001181
001215
004612
005985
009709
001351
009338
007932
005285
004121
004694
005492
006434
005963
004593
001501
002759
002122
006283
006875
007562
002896
000897
008993
004083
005372
009550
006021
000128
002637
005490
001162
007214
000698
000558
008912
003168
002638
002420
009753
002500
001825
007578
005040
004029
001624
000287
003912
003460
004642
004896
005841
003015
007682
008954
008318
006389
005214
004596
006462
003970
000772
001678
009153
001116
004980
009904
005100
000707
004542
007504
002515
007663
002876
003973
004407
009039
002280
007366
009731
001516
006593
000437
008906
000387
009813
005291
005502
001933
009408
008492
000451
002092
001197
009617
004696
006061
000278
003272
004091
006243
009728
008223
003696
000418
004924
005973
004294
009718
004373
002727
001519
005557
008295
006271
009244
000573
007251
004668
002071
000509
003333
009892
002296
007016
000554
004691
008040
004239
009655
006461
009040
000491
004908
002484
003717
006776
003783
009649
007371
006926
008502
002711
002068
002037
009147
002493
008182
000922
009329
004479
009772
008935
002768
009386
009027
002198
005954
008063
003018
008887
008647
005989
002949
008042
003745
002130
001908
002251
007980
008489
000099
003843
001993
008702
008298
000221
009714
002747
003951
008291
006217
000884
001967
000630
005449
008772
004981
002744
005483
007533
009765
003344
008708
001966
006077
009560
002483
008021
001598
009393
001458
007765
002400
000324
008742
004026
006187
007669
007333
007995
005357
000014
004606
009068
005094
004308
005336
009932
009761
006167
000831
000854
008247
001700
005497
002737
009084
005548
003898
008518
005764
007347
005521
001451
003021
005570
005636
001553
005236
003512
000080
009085
008776
000720
007977
005447
009804
006988
001975
007570
006477
007063
004049
001920
001304
001972
005476
003542
000092
002882
008377
000108
007109
005050
007263
003862
009069
007883
002238
003824
004585
005158
001163
003385
001336
000286
008019
003263
007993
003822
005450
001195
002789
003273
003872
009587
009669
002405
002284
002800
002646
005886
007588
006717
006116
006877
009011
006692
004850
009071
001832
003692
001296
000727
009159
005744
009202
001681
009945
005590
009368
008710
000570
003941
005229
005934
007577
005359
000881
001627
009569
008678
003820
003617
009917
000992
001256
001151
008381
009406
003326
009505
009197
008056
001471
008679
008925
003574
003233
009662
002149
006212
001126
009260
004309
007815
005305
008926
007515
009877
009703
000351
003907
004665
003121
003241
005218
004502
008350
005028
004579
000239
001695
002176
000143
009424
006455
007240
009829
008891
006537
005150
002338
003881
000045
008107
008267
004809
000129
005194
008757
004455
006849
009441
003160
006350
003049
002091
000276
004448
006543
001435
006311
005683
004359
001682
004452
007933
007912
002644
002124
005338
003775
008166
009757
006474
006046
003309
008163
003599
000752
007557
008714
008680
003413
000464
007780
000476
001905
002656
008724
000271
008437
007302
009228
003363
009542
008583
005972
003703
005184
005260
001259
007372
009018
005581
002459
008786
008704
007560
003226
002931
000084
005742
005120
003230
007779
000513
002398
001612
006037
007719
000872
009450
000329
000754
003139
008465
001244
007817
001410
001729
002337
002114
009576
009845
009354
009269
004866
004329
007794
001601
006771
005712
006086
002758
005769
009869
007740
008201
005210
009746
004125
002696
008358
009808
008705
004007
003584
002704
009434
006644
004351
005204
008091
008466
007692
008200
002106
006360
003569
000680
004635
002245
007085
008662
001267
000847
005563
002915
003002
007535
002517
004655
005964
000941
000442
007321
002098
001123
006753
008933
003054
007757
009121
002863
007180
007558
009499
005362
003164
006285
006299
006250
007892
008060
000218
000918
003947
001878
009044
003007
006148
002112
006170
005018
007461
009634
000377
006785
001559
005131
008555
002649
006152
005418
004803
001496
007568
006102
008129
006752
009487
008296
004032
007894
007693
000424
003734
000124
009186
003198
008020
003780
008263
007291
005388
007850
004260
007699
000380
009568
008734
004031
009395
007358
005591
009454
009538
005555
003834
007962
007301
002772
001532
001882
007688
006290
005967
000483
009754
005152
005278
003914
009004
004754
008797
007952
005974
007704
000283
005968
004197
004774
002562
002603
009689
008979
000308
000651
005191
002557
004244
002543
001535
000162
001520
006079
003105
008885
003464
001638
007793
005824
005220
000264
005845
005959
002090
003216
006654
008178
005181
007905
002757
001724
007710
001189
004203
001983
007320
003693
004604
005953
007123
003039
008568
001752
005193
006723
000602
003537
003270
000292
008259
000489
007593
009533
004483
001019
002821
000620
001057
006835
004310
004831
007733
001812
008613
007708
000956
003634
003500
004505
000133
004225
000348
006535
006194
002954
002190
009494
005530
009785
008946
000713
009176
003838
005543
003081
000544
000972
003418
005536
008471
008229
004194
000395
004485
009049
008482
003510
006073
002586
006922
002855
001660
004845
006701
004512
002374
009834
005889
002014
008089
005055
007801
001751
001409
000157
006971
006419
001043
009810
006876
002582
002568
003332
006398
006946
006125
001269
005314
006985
000549
005900
008045
005977
002381
005274
006724
007713
009859
002129
008427
002215
008911
007879
004743
000507
002688
005595
001313
002489
007471
008691
009956
001472
004563
008762
001441
007848
001650
003549
008185
003733
006783
001105
008100
002204
005099
001631
002081
008547
008356
004766
003677
007119
002668
008145
006317
005542
007324
000118
004805
007931
007837
002340
003155
004303
000456
002140
003356
008053
006948
000035
001985
004552
005364
005360
005232
006938
006255
007490
007573
003643
008868
002118
004631
001064
001183
009734
003371
000259
003913
004108
004871
009179
005642
005605
000643
007314
009095
004966
008059
000436
004488
007983
007493
007660
004163
001783
005006
003352
000042
001097
003191
009579
003222
006881
001205
009837
002243
007058
003678
005129
009676
001111
002940
006872
000072
004212
001283
009580
001300
005714
001552
009411
002254
004909
008672
005629
009673
006151
006725
001646
009126
002901
004584
004849
009708
008449
002206
007772
009259
007330
002978
000673
008402
006525
009287
003122
002053
002156
006133
000311
006168
002558
002764
002430
003555
003005
005958
002926
003473
001565
001370
003905
005898
009307
000407
008682
008327
004703
008537
000305
009557
009887
009743
006325
006655
006793
004020
001248
002743
003052
004940
003295
009830
008265
009786
006797
005798
005304
000381
000979
005907
004098
001959
006767
000490
004423
006338
002263
008733
005679
007551
005857
007764
002297
005010
000605
008404
007524
001216
002604
004536
006687
007124
006944
009514
004707
005121
001510
004126
000841
004484
003668
004094
009160
003810
003293
008360
005264
001674
002873
004222
002784
004773
003348
004143
004745
004013
000152
002159
000895
005432
001767
000837
007446
001095
006115
001529
001308
009633
007198
001322
007143
006481
009124
001379
004237
005180
000844
004380
005512
006195
008546
004509
000849
001012
004226
006511
002809
009510
004257
004957
003167
004686
005293
006448
001834
007389
000388
008944
003472
003153
009426
009564
004350
006441
008848
007344
001947
003278
006828
006469
000227
004142
005617
003396
000725
007019
008829
005390
005774
000268
000031
001125
003874
000715
009392
005969
004204
002465
005905
007830
003892
000452
006078
006522
008270
004855
002989
003126
008622
007891
008002
004851
006252
007797
008737
007463
002143
005871
008168
000368
005808
005003
005565
006572
008210
003401
001385
003244
003794
007479
008392
006587
005981
008631
005092
006860
005058
009722
000019
004838
003637
007410
008331
000906
005499
001155
002494
007736
004052
003687
002303
003162
004812
007452
005383
009906
007009
008523
004970
000073
008204
006348
002502
004440
001106
008212
001689
005842
003431
001986
006504
007947
009358
001944
000559
009506
004728
008785
008164
004313
002919
003322
000037
002133
005710
000172
009905
009862
006145
001312
008160
002011
002630
002945
001874
000385
004687
008390
009603
005376
008521
003505
008014
005637
003336
005893
004366
005209
004750
003823
003064
003809
009509
006272
005507
001770
007013
001087
003742
004036
001295
009309
007012
000733
000350
007941
008159
009383
000976
001494
002346
003887
002993
004213
000061
006914
003543
005258
007257
006055
006740
007162
003990
006592
004599
004952
000864
009435
004053
004860
009238
009337
009009
006611
007405
001819
000444
005863
001191
003752
008669
001462
001838
007385
004947
009127
007244
000670
000705
004082
000978
003669
007895
000728
001690
004229
005711
006570
009710
006569
007271
001595
001055
009340
005805
000792
002731
009900
001778
004177
000952
005791
007450
002378
005083
009413
008146
006982
004565
005756
007483
000990
009706
009860
007754
001953
007597
006144
004709
009593
004001
001135
004063
005766
007475
006578
009423
003045
005855
009195
001137
009041
003276
007785
005825
001424
002332
008396
004956
002236
003422
007955
002310
005145
002212
008062
007442
003929
008483
000693
004677
003821
001704
007265
006014
009175
002478
006324
003607
002951
006676
001914
006996
008745
001299
007211
008348
001568
009270
001316
004681
004404
009528
002930
000018
002048
009957
009479
002875
009890
003572
000823
005250
003962
006841
009254
009599
004573
007900
002803
001404
000695
007050
007307
004936
008224
002036
001533
007003
005880
003463
000127
001128
002008
007365
007417
000455
003457
002615
006754
007802
007795
008753
001292
002078
003721
001169
004489
001366
007297
009235
009083
001655
002527
008741
002076
005446
002794
004361
001583
002884
009308
003585
003988
001546
000332
007174
003945
009693
008486
007115
009029
000784
002879
005366
002783
001389
007800
002929
005829
004651
000957
003620
006576
007222
001791
005111
004070
001013
001979
008513
004490
002168
001654
002750
008144
002087
005567
003145
000723
006508
000525
006847
000683
004389
003633
001807
006229
006516
007000
002088
005234
000500
005203
008125
005901
005915
007441
005850
001561
000642
001207
004491
005247
005192
006669
006609
005797
000927
000296
001932
006070
009322
007781
006166
006763
004933
006929
000400
005755
005186
001066
007429
002961
004722
008352
006594
007604
007272
008307
002126
004090
008570
001522
001498
001243
008208
006304
001699
000734
009107
008814
002298
005439
001478
003949
007783
004705
005302
009915
005435
004392
001708
009417
001527
006286
002885
002551
004698
005667
003716
004824
003073
007676
008074
002596
007292
009832
003602
009141
007098
004983
001640
000815
000036
000446
006974
003004
000566
006989
004147
001792
005415
008507
006657
009522
009801
001141
001157
004067
000255
005665
009272
003981
007902
000808
006085
004486
002021
001726
006443
000362
004776
004186
003520
009183
008391
001010
001249
004153
000626
000932
001074
003735
008529
005208
001864
003753
001315
004929
008790
000782
009602
000664
002132
001369
001063
009227
003880
000994
003709
006710
009267
009305
005746
007605
006158
002496
004188
004928
000234
006130
009138
008884
009872
005723
003587
006344
003066
006483
008249
009911
009158
006024
002612
003312
002984
009701
007580
005992
004755
008365
009430
004501
002049
000916
007790
001744
009738
005051
008501
009172
002266
000232
006851
004669
006312
002155
005266
004291
000853
002313
007994
008573
001524
003252
001367
004732
006216
008282
002183
006022
006120
000309
009958
003562
000545
003452
003698
009463
003560
000902
009940
008792
002512
003536
000548
006733
007001
003193
000588
001956
009451
000899
006414
008480
003863
005289
002377
000890
005702
007687
005290
007948
000565
003088
006080
001862
001728
007951
006715
003190
002385
007918
008051
007065
004193
004337
003632
005189
007339
007897
008950
004230
001239
002094
002689
006923
006545
000077
008769
000817
001652
007472
008784
007885
009055
001875
008542
000891
007473
004209
002828
009836
007159
006203
002857
008607
004747
008916
008467
009036
000142
004102
007608
001868
001534
001080
009204
001873
001547
007766
007138
000015
005904
005860
006670
001394
008986
002745
006794
000260
003012
004201
007027
001461
004256
000892
003480
009310
009833
009685
001818
007350
003994
009128
009002
007898
007978
005403
003850
002476
006588
007343
006897
001531
002892
006240
000409
003387
004056
009724
006257
006870
008822
001735
002607
002072
000179
003071
004760
005988
006198
000431
009571
003750
003601
009007
002327
001518
003103
004605
003324
003652
008086
004346
003893
009776
004564
007018
002986
002870
006090
009770
005433
002216
006526
005317
007252
002567
007968
003159
001616
002027
001232
007967
008087
003185
009225
009543
005306
008361
000615
006862
009207
000835
001156
001748
000529
009372
007647
002015
006058
008949
002769
002047
007729
003925
000736
005684
003359
004813
003297
000435
008111
002895
007443
005571
001801
007130
006573
001254
008025
002643
001507
003968
004220
007616
003318
008890
008726
004400
009178
007250
004530
005256
004822
008429
005761
008180
002858
006415
000770
001331
006388
000046
000627
009278
001332
005163
001857
008845
006454
009529
008187
009763
007090
008490
006643
008255
009139
008276
001683
007392
003448
005895
001725
006159
000366
005064
009930
002046
001774
002358
001401
002252
004721
004629
000328
001736
001432
003462
002815
005745
009257
005067
007847
002452
007184
003316
005621
001383
006836
007987
003314
002348
004644
009611
005151
004006
009861
004886
000988
008512
006665
003576
005417
006801
001930
005917
002164
005930
009926
007439
001580
008118
002325
007310
008064
000273
003933
007108
001573
008635
003765
000236
009916
003340
007942
008189
003609
008817
003144
007838
005442
006822
007066
005695
007387
000504
000282
007080
003638
003952
005349
009639
002229
005669
005640
008750
006795
007373
000354
007103
000870
004191
004011
005506
001353
006016
002973
005815
006190
008854
007315
005820
000945
002308
001538
006132
003622
003133
009821
004959
009666
000997
008738
006372
004205
008162
007116
009645
006093
009675
009466
009118
002788
005946
008553
003451
006067
006920
003840
003128
004240
001100
007745
005612
007803
009650
005957
009527
004621
008372
006258
001782
006832
006641
006510
008412
004751
000115
000578
009281
002382
002161
008549
009726
002950
005641
002123
000067
006624
004859
009168
006915
008966
000700
008627
001977
009014
003237
000357
008218
008359
009097
003414
004325
004882
009326
006176
002681
008134
007360
002529
003976
009515
001398
002361
001558
001363
009733
007440
008150
007331
007738
009108
003556
007273
003196
000714
006431
005582
000114
001368
001835
005493
001166
005052
009351
001486
009006
007354
001110
000530
006846
009668
005046
009190
001737
000026
000270
004984
000981
009021
007505
008491
007702
002246
005470
007770
006521
003813
007086
008831
000454
004558
000568
005874
008337
005468
003495
005393
009109
003884
004818
008448
006088
006010
005133
007662
006634
005513
008256
003310
002347
005600
007805
001360
004693
002042
009961
007878
007400
001049
007193
009779
006635
001621
009502
009838
003234
000699
002188
003006
004995
001260
006153
007216
005112
004345
008658
008170
005922
006879
000298
000634
002933
008617
006136
004120
002853
000147
006544
007750
002002
007982
000156
005008
000079
000011
007051
002152
003900
006500
006524
006298
003488
008370
003885
003466
000317
005592
006376
002824
003582
003547
000576
004099
001839
005124
008649
009245
007514
003026
002861
009385
006068
006075
009716
004085
006648
004759
009248
001113
002925
004874
009625
004976
000497
008833
007911
004447
002265
003737
003830
001053
000220
001765
007219
004253
002793
009711
009756
005576
009442
005168
003982
006702
008725
008115
008438
008858
004636
005659
002117
006885
006357
004588
002994
003132
000356
001347
003527
004015
004492
001240
002835
000857
003209
007249
008722
008599
008681
005298
003842
001349
008293
000468
004881
005069
006035
004799
008119
001165
000863
006528
001227
003553
005238
000880
007998
000281
000038
006428
009252
003682
000869
008102
009283
007862
004618
007332
007316
003123
001419
000621
006112
009749
002443
000606
006343
003499
001711
009923
008612
006233
006185
002432
002669
008928
002822
003548
009951
005237
006273
001318
002456
002890
009485
008800
005065
008937
000339
004844
007327
005477
006394
000177
008727
002520
006691
004792
005241
008964
000996
007217
007342
006181
000631
000383
004376
007391
008840
007076
005807
002321
009149
004016
005188
009888
008262
007773
004167
009222
001625
009954
000517
001364
005394
000269
000678
005170
007865
001310
001050
006497
003955
003833
004986
009378
006101
000301
007630
007235
005351
008736
003358
006221
006210
004911
004182
008545
001867
007007
009324
008464
001581
009312
005776
007784
001271
008421
007100
009795
008378
008563
004683
004724
007423
003453
000526
001613
005183
007564
001263
006169
006895
009610
009263
008315
003493
009595
004281
002281
009622
009486
004430
001641
005212
005976
008765
007204
006760
008481
003776
007432
006650
006816
009496
000175
001003
001716
008070
003062
004218
008823
000207
002539
000590
002256
002391
002336
008216
000805
001218
004343
009717
005796
005708
007121
006656
003663
003148
009632
004369
004941
000796
009355
007956
009640
005367
000203
001980
006780
003744
000467
001636
006358
002683
001971
001192
009730
000739
003832
001506
009497
001314
004368
007355
004133
004214
002729
005273
004378
007836
009678
002990
008013
001317
005467
004399
004296
008001
001903
007644
001082
009844
003770
000969
007299
006607
006315
008258
002877
006826
001464
001454
004314
009306
003531
007567
008748
000582
003259
002167
001991
006561
002830
000289
002671
007813
008310
000609
005076
000934
006706
005427
005012
001305
000960
003694
002421
004746
000595
003541
001015
003789
004042
003471
002964
001103
008984
003577
006659
004086
006601
008516
008414
000948
004516
004079
004123
006698
006560
009891
007561
003282
003889
005500
002580
002312
009336
001610
008914
006840
009073
008431
006645
007113
004560
008338
006060
007856
002566
009462
007964
008241
009849
006534
008012
008838
007421
008759
007397
005585
003248
009858
003588
007062
005632
002629
009782
007379
003984
009624
000389
004555
009661
001448
003114
001803
008324
005073
008807
008522
001815
002163
005694
005386
005463
007453
003738
008929
004477
003618
004119
009552
005436
004920
001034
002923
000619
004783
009194
006627
001750
003854
002779
002289
004828
007919
003790
001948
007882
006106
007849
003930
002007
008266
003814
005750
007555
003616
009613
003747
005768
004130
004780
000215
006791
008663
006610
001393
005113
005623
006076
002468
004396
005511
008598
009334
005785
000850
003306
003619
009490
001854
005767
004716
004435
005087
007042
002593
000164
005297
006696
000169
007172
000249
009563
008619
008169
005758
005822
003225
002039
003426
001742
000439
001804
000488
005103
004134
009807
003851
001453
001946
000013
001021
009437
000542
002818
008541
009234
009619
000885
007769
004804
003388
005270
003292
001866
006552
007746
002974
005952
000008
002273
009008
008088
004106
002765
000131
004991
001112
000070
003997
006072
000924
008269
008177
002354
004610
007833
006947
002040
002231
008994
003211
004613
001380
006842
001642
008610
006633
005215
003849
000718
003027
007651
000139
004494
007404
002004
000797
005259
004443
008566
008754
008209
000961
001509
008340
006539
008101
007041
004735
005718
004551
002522
000327
002434
000846
002999
005891
003192
007730
008618
008004
009876
008530
004639
000095
001847
007853
005486
009586
004176
002364
008675
009848
002230
002025
000060
000982
007481
004861
008157
006953
000639
009555
004827
001913
005328
000516
006933
000904
001912
006335
004867
005178
006449
003987
005913
008636
007296
003792
007525
007547
000519
008751
006224
001571
008332
009762
003146
006540
005199
004372
003329
003090
009367
004334
001022
006117
005653
003882
006199
008010
005518
005626
004534
001893
007470
006098
003923
002464
009370
009445
005883
007843
005802
001201
005222
002777
009950
005014
001608
001235
005528
000493
007073
003853
003940
003181
001230
001077
002054
001171
005246
003904
002869
002782
005505
007846
008951
004128
004286
003442
004506
007498
001190
001148
006530
000567
008576
003996
005088
006174
005445
001984
004360
006245
007824
004847
008007
002523
001936
005321
004092
002339
001120
007201
007768
000711
007972
001246
005821
002966
005097
008211
002526
001881
008485
006450
006583
000959
003989
006708
009847
008783
006406
004788
008434
008426
009090
007667
005849
008828
002207
007715
009325
001542
001396
003265
004701
009874
002661
000359
002932
009687
002508
005527
007338
006731
002553
008888
008862
007825
000527
008851
009918
005037
004265
003173
005452
008155
008221
001433
001184
009182
006997
001221
005487
007247
008506
002801
004183
002237
004493
001484
004402
003197
005471
004978
007787
009105
008191
005115
005313
009086
009051
009600
009947
003300
004363
000344
000608
006514
007599
006913
005810
009699
005095
009855
006697
007363
009897
009780
000110
004248
004118
005616
002415
004039
007954
003247
005753
000039
002579
003888
002020
003076
001895
007422
007340
006903
008090
006621
008567
009362
004002
005733
000016
003250
001786
004800
005353
006513
004432
008623
008580
008347
007672
006796
008709
001198
007454
007117
001039
000416
000903
007281
003879
009181
002995
007835
003423
000420
002866
006749
000729
001795
009867
009883
005216
005584
008633
001270
002883
006679
001849
004863
006119
002832
004409
000428
001374
004460
002356
009145
001320
008194
000740
003865
003072
002380
009899
008430
009809
008077
005809
009959
007866
000669
009249
004531
007380
000524
001298
006652
003706
006981
004093
004318
000506
002322
009402
009433
002329
001872
007445
008078
005677
006904
007726
001444
006178
008898
004946
004216
006149
005858
003518
003034
002111
008562
004795
002559
006864
003667
008047
006442
002952
009554
004307
004982
009078
003625
000051
009789
002840
008325
001213
001173
002286
003154
009578
000661
009116
002302
003409
001375
002437
001119
001869
002554
002102
009498
000510
009744
001822
009271
000347
007503
005735
009292
006301
004184
009114
004537
006319
008228
000977
002282
008510
003817
008968
004942
000512
003428
003130
009712
007384
000205
004738
007037
006222
006820
005485
008250
008292
006943
003995
009380
002192
006952
003847
002095
003143
007407
009350
003238
007224
000041
008440
003035
001974
000355
007176
004987
009478
009467
003206
005751
004975
009143
001445
006788
007043
005085
008789
008560
000557
006104
008892
000074
003506
009316
009556
003357
005888
007022
007796
007976
002640
004615
004353
004789
003773
000675
006351
006612
003608
000090
001901
002191
006347
009609
000449
002451
006941
002865
002541
004104
007541
007758
005461
006480
008039
008186
003796
003713
007638
007864
009777
007522
004870
007960
000144
001785
009332
001247
003683
007658
008874
000358
004154
009091
009521
008815
009369
007376
006965
002718
006935
008003
006784
009436
001492
004654
002678
009349
006036
008864
000209
007092
001078
009794
004894
005982
000457
007088
004114
006336
007929
006134
002525
000788
008389
006013
006296
008009
003866
004533
007737
007957
003670
002079
005423
001784
002914
007966
007999
007829
000266
003269
001688
007467
005583
002843
007276
006536
006396
003017
000069
007104
003852
003275
005763
004357
001467
000119
005484
009656
005668
005007
004811
003604
003194
002740
003566
009798
009766
007154
007610
002219
006964
007869
005703
002393
005239
001386
006646
001526
004165
004466
002044
003231
004538
003098
007406
000676
002001
004467
008941
004077
005775
001990
002173
001799
007914
008075
004487
004041
007910
008600
003240
005342
000376
007255
006492
002431
006330
009612
000094
005254
007205
000012
004358
008393
005720
009397
004438
004406
009760
008664
008572
008955
006395
002860
002533
000882
003163
008524
001008
002516
004426
005569
005410
006928
001554
001712
002259
001392
005143
009741
008484
008976
003353
003092
008425
005688
006799
005662
006342
005282
007329
000378
000503
002977
000107
002969
006241
003664
002403
000986
006306
007427
009751
009737
008494
005846
008696
008638
002201
001719
006430
006911
003124
000272
003075
002427
000666
005263
004839
003743
009653
002935
005611
003836
009237
007325
000766
000629
006012
005882
003631
001238
002134
004522
000632
003421
007311
003376
005685
004411
002900
004004
002016
000768
001508
001009
007283
001963
002388
007868
005354
006316
000655
001701
009846
001649
000540
005311
001273
005631
005838
003195
005819
002318
007614
000002
000569
006261
001476
002618
007521
000117
000440
006675
002537
004206
007510
001428
009230
008301
004401
006173
009347
002184
001606
000856
003526
003707
003025
003534
006751
009638
002278
004221
000845
003784
008026
000049
004927
006384
003304
001569
004742
000185
009629
003406
008615
008782
008105
006211
007832
003691
005770
008416
003563
007466
000616
003579
008922
007774
004424
005335
007985
001203
002084
004243
001341
001945
007231
007938
005345
000779
003655
007709
008439
000925
009719
000702
001923
002654
009631
007120
009319
008286
005414
009443
002657
003819
000840
003516
002934
006362
008112
005440
004638
005408
007084
007033
005128
004008
008128
006095
001666
004414
003022
000210
003215
005514
005926
005716
005666
009508
008006
003508
002922
001826
003016
001139
007937
005935
007907
003864
001177
007901
006353
002169
005919
000382
004953
005534
008761
001130
008975
002691
005248
003935
006465
005676
009692
007970
009960
004045
009473
007300
008866
001644
003767
008461
000391
008243
004892
004382
002632
009045
003260
003246
001973
006405
002565
001877
001853
005245
006025
000458
000235
003378
009482
002096
007540
004081
003040
003565
008357
005996
003182
008109
001411
005455
007070
002029
007855
007305
001759
004997
004704
006011
008967
000682
004159
007559
000201
009491
000022
004441
004269
001827
006993
008031
005633
002584
009365
007626
001865
006097
007518
004290
008275
005166
003961
003046
004025
009300
004468
001982
005531
006287
007173
002384
008569
008918
009936
001952
008036
008113
006919
007322
009907
005325
008176
006162
004364
008041
004178
004262
005421
006556
004873
006973
005765
008668
004712
007734
006586
008240
008556
008764
004690
006703
008355
001754
005301
002041
004758
005618
000109
006248
005847
002411
001634
004450
007386
006253
009136
003494
003573
001002
008446
004600
006976
006672
005206
003795
008058
006967
007395
005284
005920
000628
003507
008192
003934
003715
006789
005005
000694
004734
000427
006447
007517
009585
003702
007269
000970
006202
008865
007402
006259
009815
005089
009720
004688
003187
003204
004156
001633
004170
001859
008826
009806
005535
005348
005169
007569
005515
002441
000459
005062
008120
000611
001412
009680
001371
008856
007032
009057
003684
009074
003928
006050
004816
003883
007105
008504
007431
002790
001101
008893
006138
000726
003372
001671
008802
006196
008641
001204
001658
009184
000520
008634
008213
009200
003405
004632
006716
002606
001253
007711
003977
001844
003971
000777
002473
009927
000190
006999
006303
009333
008445
000257
003680
003420
009286
003227
009894
001523
000721
005990
005344
006956
009428
004994
008564
006246
005885
008094
002614
004587
000406
006236
005630
000943
002103
001604
007971
009364
005903
001567
006154
008788
004274
009103
005928
004464
002397
005155
002386
001487
008306
003739
005027
003699
003731
001040
001265
002991
008368
000875
000310
007437
002344
000323
006824
009295
002333
003395
003610
002871
000372
003097
002633
003482
008849
003578
005780
002804
000263
003212
005736
005731
000917
006042
002324
008843
008076
003085
005658
003456
003659
009929
003060
008095
000581
006617
001272
005033
008948
000691
008766
003985
005498
006421
004136
004906
004075
007747
007182
000412
007279
006770
005114
006600
003281
002227
006383
007861
002150
005045
002474
000838
005277
002992
007659
008336
003349
007221
001545
009192
004574
003291
003597
001886
003816
005925
001104
008924
007160
007718
002490
009150
008811
007409
000178
009363
003285
004192
001085
000007
004872
006385
005672
003877
006869
001810
006065
001592
007820
007192
000940
004271
000908
002763
004643
002511
008226
001889
001474
000646
005529
008965
002698
005894
006223
009099
007478
000508
002647
007760
003779
009591
002748
007661
003313
009405
005762
003855
004511
008246
000304
003424
003647
004817
001961
007810
004021
004508
007067
001684
004897
009903
008755
005340
006766
009010
008131
005396
007488
003627
000607
001475
006906
006978
004462
008899
002979
008947
008719
009769
009672
006596
008034
006005
005035
000066
004678
007620
000445
000697
003761
004362
007893
000422
007156
001921
000230
006505
007624
004820
006416
009745
005167
006180
005469
004245
009346
006177
000132
000003
005122
003042
005995
002023
009170
001560
008930
008245
007621
008230
002642
004352
009201
004944
009037
002458
000034
008873
009061
000515
000822
000373
008061
001965
008428
003365
004938
005879
000040
001727
004500
008995
005991
000799
005854
006918
004137
007611
006179
005077
008261
002918
008804
005491
006732
001297
001577
001016
009539
000637
003491
005331
009282
007808
006033
009616
004071
004763
007207
007259
004603
005908
000291
004663
001706
003468
009537
001802
006139
005365
003411
001261
005613
005868
007700
005002
005451
003443
003829
003397
009048
006066
004972
001691
001504
008781
009407
001836
002193
008029
000593
008172
002795
009493
008590
004198
007563
003681
004572
005262
006563
008322
002359
006056
003517
004985
008882
002288
005649
002715
002510
003438
005701
000580
002205
008611
007712
009460
002583
000928
009387
000612
003487
000579
009361
006341
003184
000466
006063
007035
001605
002267
008629
005223
008857
005924
006031
006302
006571
009853
000873
001319
007845
009857
008952
009034
002264
001427
006759
002038
002823
001530
004503
004797
002847
008181
001075
003389
002889
004504
004762
001664
005160
001342
002462
005425
001632
002412
004469
000820
002018
007112
007532
004264
007234
005577
009863
000487
003360
005009
002806
005148
009825
002712
007627
002270
000484
006843
004306
002422
009425
006604
004481
004647
004395
006399
000361
001635
005228
006741
004164
008902
007225
009933
002032
005705
007285
007689
009076
005219
004876
002413
007097
007867
009169
005116
002010
003354
002255
007267
004794
006995
005998
002031
007383
008345
004880
009755
007806
002509
009670
005149
001329
000187
006673
007213
007149
006750
003104
008659
000584
009415
006029
004925
007707
005639
007239
002250
006700
008199
006327
007491
007554
009448
005286
005601
006197
007029
004161
002067
000229
006390
008254
004659
005508
001170
000023
009604
003328
009215
003523
002674
007378
003839
009814
006472
006815
002202
006661
009803
007642
002673
006084
000865
005086
009910
008729
001800
006774
004523
003301
004365
008670
009691
003112
001211
002720
002214
006213
004741
002814
003001
004671
001356
000589
001456
003606
007377
001787
007136
003108
008222
005956
009590
002418
000633
003615
008281
003109
002773
007821
007394
001124
006554
009839
009925
002980
006225
007044
004617
006605
004234
008773
007572
005175
008008
008985
009928
002754
009028
000889
006986
000896
005872
004160
002086
009781
002700
003200
002138
001161
006045
008136
002471
002127
004614
000617
000561
008997
006550
003201
006410
007550
008550
003207
005200
002355
003503
005438
004676
005300
000191
008139
007697
008686
004877
001753
004553
009909
003685
003483
005624
005466
008235
005816
008297
006518
004219
003305
008312
000968
009348
008527
005721
000762
006681
006867
000560
003729
001286
009130
007953
009704
008544
004971
001511
008625
006818
002128
003335
007589
001031
001549
005022
009799
007460
003377
004073
001731
007188
004684
008956
005651
009934
007144
008971
001036
004385
002521
006827
001268
003262
007087
000165
004833
003826
005081
000386
007227
007721
007139
001833
006950
003364
004420
007585
008305
009589
006051
004548
000096
002260
008055
005034
009427
007006
000913
006467
006057
007312
004714
001035
002507
005268
000225
003868
007674
009644
008974
001938
005740
006972
009077
000453
009088
007542
009162
008154
005422
006305
003972
006613
006218
006683
008418
004729
006340
005906
005962
002651
005689
000745
005654
006268
007122
005554
008401
008130
007860
002682
004258
000397
006728
008872
002781
003673
005520
003325
001339
003381
009189
000514
003111
002232
005692
002713
006966
007408
002968
005646
007523
000744
003056
001026
004030
004529
003432
002937
001072
009033
003382
003708
006680
005759
000910
002611
000085
007786
004339
003361
002181
005110
002326
002319
005384
008594
004333
005475
003477
006108
002723
006484
005253
001677
002702
004078
000460
002194
000150
007886
009320
004122
001167
002247
009046
007353
005294
000690
002692
001964
000749
001743
001224
003019
004228
002988
008057
000724
000501
002663
003253
002408
000833
001630
008525
000321
005588
000078
008135
002294
008321
003630
007095
004285
009253
006446
005106
002602
008878
000599
008978
001900
004059
002959
000148
003447
008816
006379
007357
006825
002475
000794
008535
008388
004323
006729
009850
004682
004949
002610
008654
006006
002208
007677
006529
007903
003330
001788
009072
009123
004557
003366
001710
002299
009043
006382
004408
002536
001732
003720
006963
006531
007606
007873
009597
003815
007670
003127
007664
005011
000199
008411
001734
006493
003172
004179
000776
008207
001179
004869
009155
003859
003338
007981
003782
004174
004340
008652
002912
008554
005101
000475
001182
000751
002600
008730
001406
000658
002899
002406
001888
008441
008198
002056
002491
006254
007909
003785
001071
002158
007153
006742
002813
004305
004061
005586
006567
005965
002903
004864
009164
009455
000842
005217
001337
008475
004158
005079
004388
009256
003812
004328
001662
009093
001092
001495
003603
007345
001661
005932
007203
005729
002182
007896
005634
002006
006520
002224
008593
004609
004656
000495
002012
005350
003150
006237
005771
000742
008540
005732
006000
006902
000443
009219
004784
003220
005970
005938
007590
000256
003568
005454
000116
000081
006496
000747
001017
002749
009447
002628
008251
004790
000343
006193
004038
009341
005772
004865
004594
006378
001715
007426
002217
006069
005031
007137
008744
003427
004829
002953
005947
004145
000065
003481
003157
004263
004384
002767
002904
005316
004472
007623
004397
007706
005195
009174
006515
000687
000224
004771
009294
000140
002438
002733
008794
007126
009318
001138
003152
000494
002645
000898
003515
000342
002345
006551
002717
002825
006349
009532
000171
000346
000866
004601
003030
009548
008260
000671
002285
003605
006310
000635
003129
007163
008723
002957
003345
004370
000836
000963
000546
003589
001326
009647
003370
006281
005231
002714
006858
005804
009001
002753
003860
001352
005495
009902
008035
008987
003355
001679
008284
000433
001570
005830
009790
002139
004893
008497
001997
002569
004680
009696
004781
006983
001196
004930
004249
007368
001861
007052
000935
006845
002811
008477
002097
005812
005472
008165
007157
007678
007011
006366
001837
001397
001885
004739
007223
001591
001718
005598
002239
006264
000405
006581
004848
009553
003595
002368
007619
005332
003210
004425
004999
008349
007040
000231
002353
007284
000613
001599
005572
006584
007424
004009
009231
002147
000211
006413
002154
000202
000429
002605
000786
002854
004454
009871
001757
002003
002972
006129
005912
006020
002746
004374
009913
005836
001325
006369
001584
001596
005622
005574
002100
003519
005049
006400
002505
001562
000656
008839
006865
008333
004459
009793
008329
007877
009477
000574
008836
009025
005788
008493
009152
007656
004146
001052
007495
003091
004556
002549
007565
001147
007036
007807
006940
006792
003778
001395
002461
001400
005517
008655
000649
008334
009723
000105
004499
004413
009573
001941
008756
009852
007649
000138
002944
003501
009117
001175
001068
001018
002148
007114
005107
001274
005793
001609
002180
009759
008287
008423
006868
008227
003856
005687
002962
007812
004951
002410
008037
001989
004535
008585
006726
002975
000789
001127
004356
006122
000848
007679
000756
002548
009530
004912
009823
005730
006219
004110
008124
003594
002938
004543
005161
003511
008778
008520
008443
003740
008503
009062
005800
000552
000809
005540
002534
000874
001134
009199
009783
002277
007382
006417
001222
001916
002305
003315
001044
009418
006854
003532
007318
006880
004189
005428
002911
004187
007631
005784
002556
000679
009239
003969
001540
005125
003766
000604
001942
008328
004354
006871
003583
009796
004473
007908
004787
005339
005456
009223
000006
009453
006064
004117
006927
006363
009713
005082
008587
009317
001208
001236
008799
006294
009384
008999
000318
000149
002774
001359
006606
009371
001539
002145
006156
002531
004782
006628
002676
008242
000068
000326
006386
003966
003455
008273
000803
001828
001940
000432
004456
008028
003960
005108
005566
004181
000020
008830
007014
004905
009700
003828
007215
009000
001910
003386
006527
009641
009519
000345
006440
007308
003476
008847
001324
006186
003551
003954
007636
008479
001067
005792
009908
006686
009572
005971
006490
001830
002144
002796
007874
005205
000398
002424
000182
007685
001465
003032
007991
004270
007197
000645
008406
000054
000769
001733
007841
009939
009144
005243
003592
001146
007613
005026
006684
008420
002798
002119
000333
004767
002373
000775
006667
006155
007549
008215
004598
008973
002367
001278
004581
007218
003787
005826
001107
001233
000688
003266
009767
007110
005715
000825
001241
007487
009229
000855
002708
001845
001647
003047
000288
000247
001200
004166
007419
008767
007185
005599
006214
009066
005036
004567
009868
009298
008674
006499
008701
008387
001749
009735
007341
004885
003490
006509
005909
009800
000787
002756
008646
006053
004138
009457
003099
001987
001723
009596
000583
000592
002578
002307
004653
004814
003249
007657
003533
009468
000555
008582
004429
003502
002943
007381
001030
007701
002616
000338
006457
008819
006429
004035
001809
006590
000821
005459
001960
000843
007612
008343
002648
007074
003465
001210
004917
000450
009715
002862
007586
004241
003906
008850
006608
006463
003657
000781
001479
001387
000423
003393
004449
005914
007531
004335
003228
003919
003802
003000
000909
009379
001007
004150
008667
006936
005814
001058
007465
009342
008244
007798
006990
007629
006921
003504
006934
006039
009154
005226
001796
000137
007304
006682
006103
007476
006381
000900
003267
006642
004444
002913
000028
002295
002257
002872
004510
009328
009344
001225
004633
006892
000284
008795
002293
005994
008459
000499
003799
007762
001340
007147
004151
001288
001489
000254
008932
002222
002372
000375
006690
009787
005795
009112
001491
004625
005620
002518
006475
006468
006844
003800
003886
006955
005936
003470
006436
001469
003722
002026
002771
000173
003151
004457
006856
009373
000237
003236
004945
007996
007277
001623
004520
004326
001038
008082
002099
003581
002690
007576
006322
007530
005174
003998
005647
004727
009483
000474
008774
004507
004648
002878
007752
004645
006802
008721
004022
004670
009429
006284
007127
008896
002121
009623
007303
002328
006188
005481
007695
009922
007950
007026
009042
007935
009232
006094
004630
001548
008214
007986
001811
003142
005355
004292
003666
004926
001354
000551
001537
001073
006495
006677
002223
005523
003873
007306
004708
006293
007870
008605
001490
000025
007556
008257
000295
000320
000804
007024
007089
001848
003858
006161
001482
004902
006489
006777
002545
006265
002955
006806
001483
002030
007261
007260
007071
004943
007374
002423
002891
009452
004018
006884
007359
002024
003718
000331
009148
000465
000701
003871
000556
006082
008936
004139
006059
002802
006960
008642
005382
008989
002445
009575
004720
006512
001333
009856
006969
000911
005503
000717
009943
006118
009618
004857
000826
002107
009885
008496
004261
001505
007816
006488
000226
005127
006810
008992
008400
007842
005987
006662
009315
000753
001976
007274
005865
000829
008499
006368
003454
008011
008969
000712
005794
004757
007655
002839
005522
000250
001414
007691
006744
007500
007632
000764
008515
000867
007788
009659
007743
003825
005799
008740
000479
009104
004471
006503
001070
000759
003727
007680
003869
006980
008982
002532
008970
003943
001773
001014
001217
003082
003596
002851
003410
001672
000824
007538
001083
002658
006367
008886
008621
000677
003467
007915
003068
008137
009841
008476
004379
001766
008468
008700
005361
008877
007293
009516
006044
008424
008156
001943
007287
005921
002392
008536
005619
004315
006235
001764
005652
008779
000828
006370
001821
000059
009288
008478
003793
002524
007241
000481
008834
005587
005678
007083
006666
004955
000469
003700
005867
006192
005202
002226
002304
004273
002797
009520
005164
004561
003642
006375
009217
005579
006425
007005
004576
001790
007858
005117
008069
008367
003513
001302
003922
001096
006580
006558
003999
009646
003243
005596
007106
005381
006269
008909
009826
001850
000830
009137
003580
005072
004003
005541
006407
001437
001617
002065
003100
006712
003033
004293
009791
002470
000811
006191
003214
007128
004300
006453
004541
003402
003624
007356
006979
003180
001470
003771
001362
000404
003221
001193
005272
004332
009403
004320
004416
003723
002075
006949
005334
004624
000722
006256
000189
000814
002220
000053
009674
004474
009301
006423
002045
002211
002481
001252
004046
001187
007961
007959
008820
009816
008384
003077
007166
004967
003571
000183
002880
004005
004977
008509
003525
002221
005431
008801
005818
002786
001060
008637
000010
003837
008110
008067
004155
004841
001180
009321
002401
006912
004910
003953
002655
001620
007064
004884
007248
009677
004168
001439
003294
008841
004172
005177
005933
006991
000839
004607
005927
009050
007093
006850
006720
009241
004152
007492
006887
008000
000641
000624
009941
007936
002639
009167
007236
000696
003846
000279
004437
000421
006047
007763
005179
008342
007778
005029
006704
001460
002504
003611
007186
005140
007496
003224
007254
005526
007028
006280
002599
006206
006110
008998
005066
002240
009303
007362
009015
007818
008133
005207
001279
000541
003644
004109
001121
007177
004961
004559
007926
000322
001231
007528
000044
007634
002641
006839
003311
005098
004713
008959
001099
007448
002528
002370
003772
006291
007413
009889
009166
008575
009531
001902
003539
004066
003675
008274
005172
005261
008559
002116
007072
003284
007175
006435
001607
003975
007666
002960
006730
009146
000438
005911
005187
007191
008114
009101
005159
008853
000314
008903
003390
008875
003205
007388
006660
008624
009094
001851
008630
000989
004148
001051
002967
007775
004047
000790
003818
007375
002151
005686
005578
002597
004023
006314
004132
002592
002105
000662
007753
003258
008046
002428
001153
006853
006230
004475
001557
005923
002453
001266
003686
005227
009495
005398
005558
000360
007444
004051
005877
004478
009330
004445
004675
005255
003102
007852
001429
001781
005760
008688
006345
000878
006831
000050
006821
005937
006231
004355
008278
000868
004879
000151
008473
001551
009681
001011
003170
000419
007125
002085
002780
003380
002185
002463
003903
007654
009080
005281
003946
000135
000538
001334
009432
006651
008693
002634
003484
000684
000335
004627
002730
000543
001693
005673
001032
006172
006128
005861
002685
005444
008972
000193
005225
002859
001430
000795
005741
004808
008197
005032
004842
008048
005852
008812
008694
008863
000577
003522
007480
003436
007232
000186
004854
009729
007202
002306
000033
000793
001871
005949
006653
002910
006364
009216
009277
002466
004550
001228
007134
007031
007262
006260
006778
006899
007289
002467
005748
008231
009360
008960
006083
000657
002624
007199
005661
003545
001408
006478
006150
002409
006713
001555
000953
006958
001763
001515
005416
002535
001114
006092
003639
004840
000063
009023
002948
008376
000021
002564
001657
005276
001823
000086
003757
007403
002199
002178
002189
002976
003844
009657
006422
003890
001954
001285
003235
004843
001639
003288
002486
007646
004317
001229
006674
009819
004772
008720
001550
004034
005489
004590
006951
006559
009275
009191
000774
000112
003689
007652
008787
007756
009389
004267
008770
000537
004040
001521
002342
002751
004514
001264
008988
003175
004278
003804
009185
006038
006722
007727
008442
002442
004786
006142
005156
008626
000907
008805
007804
009106
005443
006114
003417
007543
009404
007512
002874
001346
002829
007648
002469
003894
000088
006127
006883
009213
002268
003901
003651
007617
008913
002595
000384
005724
004883
000403
008190
005480
006745
002501
000879
000340
000126
006809
003732
007625
005699
009792
005025
003147
009458
009132
004791
002013
009771
001670
006736
005363
009842
007917
005717
009742
006182
001348
001338
006808
008015
008271
008319
004277
009459
001772
000942
006099
004744
007179
001926
007723
007939
007346
005509
001935
009274
004171
009135
008435
002115
006331
003474
007351
005866
005781
004692
006355
000212
004131
004017
002947
007169
000005
002179
006891
009210
006931
004913
002963
007069
004646
009854
003857
009812
008024
001768
003110
006247
006636
001925
003728
006380
002902
008313
004224
002619
004919
008373
001856
009377
003412
007187
007988
001659
009827
002675
007054
006227
005606
005176
005105
007534
007151
005645
009279
002897
005023
002498
008380
001999
008981
007401
002187
007637
007725
004338
006009
006459
005614
002275
004589
001178
005249
001528
008539
006838
001629
003629
000330
002585
001846
007871
004837
001776
009290
003801
007799
003497
000572
009345
000816
005488
001413
008586
002626
005019
002043
004415
003373
009243
001358
003119
007056
006329
002701
002833
003701
006598
003118
005358
008474
003140
000653
001805
004010
005698
001108
006790
005370
002171
003117
001399
000750
001436
002667
007690
008977
002705
002482
006204
005728
002928
002352
008452
004341
004297
008469
004825
007196
008711
003956
000032
000337
005153
002472
006464
009880
005675
008205
006718
000492
003612
003008
004391
003591
009663
009471
009414
002886
007854
001892
008645
002693
008666
006721
003641
005411
000280
000313
000798
004878
001006
007499
005501
008595
006479
006532
000594
007167
006549
004527
002455
005091
005643
008362
003038
000905
008422
003425
004765
003283
003724
008601
001705
004336
003646
001891
003441
009615
009565
001093
003208
001880
000426
009031
001294
004162
003461
009438
009545
001996
001289
007989
003710
003106
005984
005549
000242
002435
003264
000472
008939
009203
003023
004731
008791
007579
009079
002369
001698
002679
005230
000071
006163
002594
000644
009654
005704
009931
008591
004965
007759
006599
007545
008116
007168
006107
001257
008117
006937
003286
003089
008608
000636
002242
004592
005873
001909
005146
003910
006890
005324
003337
006374
001955
008657
004043
002233
008689
003383
003051
007792
001159
005047
001242
000153
002555
002741
009588
004900
007399
006663
009054
007200
005997
005553
002613
007913
000274
006557
009151
006574
000652
000349
000101
001876
005375
005737
003134
006140
003496
002290
000188
002269
002710
007497
000704
001525
005322
000353
005038
008184
002399
008206
008183
000763
004279
003256
003939
002514
006678
004458
001696
002550
000267
007724
008552
002898
008538
006577
005544
009705
006507
000477
009944
000914
007486
000818
005875
000447
001168
007230
001904
005000
005670
005240
002664
008398
007508
000660
008335
001907
008695
001069
005395
002826
001738
002055
009265
003350
002601
003217
008202
006812
009400
003768
001949
004112
005323
000689
009465
003763
006575
002997
007529
007520
003362
004330
002820
008558
007639
008592
003459
001219
006109
008713
003084
002621
003769
007888
008238
006925
003257
008699
006087
003043
009606
007015
009388
004422
001020
006739
005102
001717
008065
009446
005690
003911
003636
005828
009524
004935
005134
000258
003808
002917
008921
007922
006420
005182
008712
006438
008749
008032
008883
002383
006553
002177
004482
006074
007928
007107
009582
005478
007010
008280
002414
004657
000478
008138
008038
004405
004903
005878
002573
002433
000394
008901
004105
006334
006215
001769
000402
003600
000200
007595
008671
006275
007233
008963
009684
005190
006866
003623
002315
006647
008676
003277
004934
004710
001251
003287
004096
004717
005943
006805
009513
001024
001323
000485
006238
000121
002738
002697
003059
006625
007732
004711
008579
000923
004667
000785
000915
004207
005559
003867
007178
007189
000098
007055
009489
004697
002157
007091
001357
000638
005315
003921
008161
007337
004251
007396
001281
009359
004254
009621
005308
008514
000341
003434
002792
002362
007165
005862
001762
005138
007456
009098
002165
004989
009667
007434
001883
004570
002113
004275
001669
002057
005021
005939
007317
006171
003648
006671
000170
009016
001442
004835
008716
006585
009075
000535
003029
005757
002234
009525
000894
009472
006889
008897
008126
001709
005341
007002
003458
000252
005368
007526
003319
001998
006542
009250
000029
007782
004517
004532
003661
001745
003704
005777
002838
002956
005424
007313
006894
003649
009198
002719
001282
000243
004068
002449
005494
000876
002867
000055
008022
007474
006451
003656
003676
004526
006502
007256
000393
003986
001576
002323
009173
003831
005743
001094
008650
001840
001685
009399
007228
000413
004922
003690
002816
009924
006848
007458
005319
000297
008450
003736
006487
005696
005462
001327
005589
008399
002197
001686
004238
000686
008548
000155
001730
001457
002590
002636
008640
009177
000285
009501
002174
000228
004129
003509
004974
005607
004367
002258
008519
000983
001136
006100
001449
008288
008747
006893
006141
000216
009313
001817
009881
006239
009775
001981
001968
007889
001172
002841
006640
009280
003399
003614
002635
006019
002429
000106
002309
005856
003080
000197
005835
005806
001426
004295
005739
007183
006288
003498
000755
003479
005706
003334
006896
001109
004288
005902
009752
009032
007447
000208
005068
007152
001028
004190
007761
004439
008780
008239
006289
001541
001918
006620
001350
009953
006234
009035
002726
001619
004135
008330
008456
003878
008628
009059
007457
000316
006426
008220
000141
003135
000710
008140
008846
001005
002379
001440
001485
006638
003251
004650
000862
006437
008651
008127
002755
009296
004640
005271
007665
008528
008314
009092
007129
001493
004540
007920
007749
007245
005144
007958
003188
001255
006857
000800
007020
006323
007039
000571
002343
009273
005837
006882
001041
004019
007698
006326
003053
002983
004322
002819
008444
003991
002998
002887
008217
006852
005060
008432
007997
008403
003296
005519
001611
002893
008732
002942
009390
007171
006242
009129
008871
008940
003567
003346
006523
000245
001566
008665
006309
005859
000919
000522
005043
000104
008289
000685
002845
005532
009643
009396
008083
009500
005346
007278
006205
001328
005833
000470
005671
005811
002653
004622
006987
005071
002778
005979
004582
006758
003797
007484
002799
004417
004628
007420
000392
007433
008458
000600
003290
008152
003806
004578
008188
006705
001995
009067
001829
007509
008049
007047
009895
000093
008141
005078
000415
009188
008408
002848
000654
005831
004199
003408
009366
006833
002395
004856
002261
009416
006228
001514
002244
004810
005343
002195
000659
005851
009013
000027
001855
002787
001345
001543
008796
007208
004634
003044
009577
000030
009421
000303
007135
000780
009570
002752
005940
008175
001648
009574
002035
000401
004950
001284
008505
005700
001958
006579
007809
007161
001037
002946
009122
004689
003391
001059
008409
006263
002160
006977
001245
004074
007890
003897
005604
001603
001344
008407
006411
004770
009276
007053
005627
008453
004465
001777
006071
001653
002170
005999
000248
002218
008363
007684
005482
005897
001755
004554
001775
003303
005157
001587
009843
005400
002907
009758
004969
007096
008405
005275
002213
005479
003489
004583
000939
005147
009551
002070
006028
001250
008225
006954
002444
005697
001618
008915
004088
002136
009620
005070
007206
008096
000052
001663
002677
006664
001615
002317
003375
008957
006786
007146
001978
008375
001884
002770
006817
008043
003169
007430
009285
009912
002101
000275
006292
000363
006924
003445
001459
009732
008707
005929
000995
006779
001896
000563
002542
006402
000486
003013
008219
009824
007348
006629
005377
003036
005961
009019
000748
008889
006975
001421
007455
007158
007615
000765
006270
009266
000300
004695
000858
005524
001090
009356
001536
003069
005734
007021
003759
004775
003978
007975
007859
000498
009480
006387
008179
000743
009481
004990
004753
007767
006307
004089
005896
009284
007925
000585
007469
003861
003186
001418
004730
009293
005437
003317
002417
002958
004544
002497
003394
006452
000103
003653
009601
006900
003938
007811
009017
004778
002022
002485
007741
005561
005948
004037
009070
000937
003342
000233
007411
007243
006970
005786
002927
007436
000757
005251
009635
002404
008895
000167
008677
004806
000668
007078
007553
002735
001477
005279
001258
007645
001842
002905
009410
003936
003083
006616
007328
004807
004960
001673
006276
005890
007367
004208
003756
004823
008923
006768
009952
000057
004127
008578
003974
008016
005288
005458
005681
003764
008451
009205
004868
009398
000222
004733
007425
001277
002141
008861
003323
004954
007923
003993
006582
000111
006032
006932
009038
008532
001962
007038
002609
008303
003014
006105
009456
004968
004115
006957
001434
002722
001450
006533
006408
004748
001423
003964
007008
002457
009208
001403
001934
001446
006837
001697
001517
008072
006308
001065
004752
000730
004072
004918
005707
004921
008085
007823
002742
009628
006859
005118
003598
006096
007459
003050
007566
007635
008410
001597
008697
002058
003751
005575
000181
006589
004890
008534
003908
007253
000912
008023
003037
006279
008121
000741
004674
008758
009236
008374
001048
001922
006564
000926
004316
002082
008386
006637
006432
002019
005727
002052
003067
005817
000097
001939
003136
008632
001466
001004
006027
000192
003020
009768
009171
004065
004211
006183
002439
009697
003714
006274
003561
007393
004276
004169
008309
002241
006015
005726
004597
003255
007673
004433
004069
000719
000883
007507
004962
008147
006026
005347
005373
000547
002575
002699
003570
004777
002394
005299
000603
007148
003024
001906
000502
004673
003538
007464
009024
009866
002791
006318
004875
001572
002936
002203
002291
004173
007048
002262
005562
009012
005980
003514
002985
002916
000533
005233
002341
005655
002834
006501
006898
004666
007640
000184
003063
006040
003430
000194
004891
009156
005978
003439
005139
004899
009251
008879
008855
003003
001858
000950
009420
001365
007294
002426
006615
007945
009671
005719
000648
009063
009962
004050
009449
009233
007755
003165
002142
009291
006123
002762
001226
002760
008248
004124
006562
007583
004060
004242
005399
008824
002850
008596
002785
009886
009100
001373
009526
003805
003658
002695
009561
007899
006541
008931
002365
007744
005017
002736
003486
009594
002506
006249
004769
007131
005024
005457
003798
004247
001575
006555
009375
007814
008311
000120
004418
008571
008927
002028
002572
005609
002387
002499
004344
005635
006052
000528
006048
002706
001280
003115
005141
008735
006709
000930
008907
009401
004371
001720
000947
009626
007924
006017
005352
007229
005371
007789
000813
005104
003845
003965
000154
003492
005783
009335
009592
005752
001794
006137
008639
008108
006813
002581
009811
006668
008616
008080
009065
004996
002920
001054
000434
007946
004562
003149
008073
004436
008264
002981
006773
003927
008071
000062
007017
003593
009946
001894
006874
003640
007349
008980
005813
006473
006547
000262
005916
005059
000674
000056
001779
006143
006444
007412
002060
005136
001025
005787
004394
008690
007079
001917
007195
000958
008685
002446
000596
000810
006121
008252
001713
005267
004282
008098
002670
000293
005310
007863
004227
002836
000920
002971
007851
009736
005426
000425
008687
000586
009503
005942
004685
002587
000306
001214
003963
006004
002808
003398
003932
008644
003558
009246
005539
005551
000496
000430
006458
004858
009835
005664
004453
007600
006878
006018
006910
007575
008054
004549
003662
007552
005391
000708
005660
009206
002881
004725
002552
007628
003384
006333
002766
003158
009440
005602
000009
005185
007025
008551
007212
004250
007934
004101
001707
002617
003298
006603
008099
001628
003980
001076
001579
001488
005048
005109
004796
008808
008920
009937
004718
003435
004480
008277
000587
006313
001957
001425
005224
000176
000954
007739
004546
009464
009212
006244
001702
